2006-2021 — SIXTEEN YEARS NEVER USED BY THIS CAMPAIGN
(judged on Sharpe / %positive / sign; dollars are NOT comparable across price eras)

object                    weeks   wkMean   pos%     worst  sharpe    tpw  stress
S1                          672       35   50.7   -18,086   0.013    9.7     -61
S4n                         827      -17   45.5   -19,991  -0.008   11.7    -134
S4n_LONGONLY                792       94   48.1    -7,177   0.072    5.6      38
ASIA                        685       41   40.0    -8,675   0.033    3.0      10
PORT(S1q07+S4n+ASIA)        828       -5   44.3   -30,494  -0.001   21.2    -217
PORT_LONGONLY_S4n           818      103   47.2   -23,098   0.031   15.1     -48

PER-YEAR (Sharpe | %positive | net):
year                       S1                   S4n          S4n_LONGONLY                  ASIA      PORT(S1q07+S4n+A      PORT_LONGONLY_S4
2006     0.070   46.4     431 -0.419   33.3  -8,756 -0.311   31.2  -4,402 -0.270   23.8  -1,040 -0.344   33.3  -9,225 -0.254   35.4  -4,872
2007    -0.135   45.7  -2,844 -0.091   47.1  -2,961 -0.030   53.2    -611  0.141   56.0   1,016 -0.091   52.9  -4,076 -0.050   52.0  -1,726
2008     0.181   65.3   8,684  0.088   42.3   5,550 -0.109   39.2  -4,327  0.112   38.1   2,898  0.149   42.3  16,656  0.079   44.2   6,779
2009    -0.039   47.1    -459 -0.319   34.6 -10,931 -0.091   46.0  -2,321 -0.099   33.3  -1,433 -0.255   36.5 -13,186 -0.102   37.3  -4,575
2010    -0.308   33.3  -5,495 -0.092   51.0  -2,960 -0.050   54.2  -1,354  0.007   34.9     106 -0.162   43.1  -8,350 -0.137   50.0  -6,743
2011    -0.015   59.0    -422  0.099   47.1   4,743  0.002   42.0      76  0.273   47.8   4,806  0.116   47.1   8,299  0.055   58.0   3,632
2012    -0.013   61.1    -256  0.040   46.2   1,390 -0.016   38.0    -387 -0.074   31.8  -1,030  0.002   46.2     104 -0.037   44.2  -1,673
2013     0.136   55.9   2,232  0.038   44.2   1,294  0.244   61.2   5,849 -0.035   34.9    -565  0.055   44.2   3,015  0.165   53.8   7,570
2014    -0.194   37.5  -7,176 -0.035   47.1  -1,676 -0.088   54.0  -2,543  0.107   39.5   1,982 -0.087   37.3  -6,941 -0.136   40.0  -7,808
2015     0.277   51.0  19,202  0.094   51.9   7,386  0.261   45.1  13,765  0.045   44.9   1,208  0.196   48.1  25,116  0.260   53.8  31,495
2016    -0.041   46.9  -2,816  0.042   47.1   2,696  0.109   47.9   4,164 -0.002   34.8     -83  0.020   42.3   2,510  0.038   41.2   3,979
2017     0.257   51.2  11,413  0.071   46.2   4,330  0.089   45.7   3,136 -0.245   31.9  -5,166  0.094   40.4  10,009  0.114   43.1   8,815
2018    -0.017   42.3  -2,682 -0.020   46.2  -2,609  0.072   48.1   7,789 -0.127   28.0  -7,738 -0.047   48.1 -10,791 -0.002   46.2    -394
2019     0.073   56.9   9,775 -0.043   44.2  -5,840  0.165   48.1  12,838  0.111   53.1   5,380  0.011   44.2   2,863  0.109   46.2  21,542
2020     0.036   56.6  11,561  0.034   54.7  11,097  0.256   61.2  35,290  0.159   54.9  27,498  0.055   56.6  33,919  0.138   62.3  58,112
2021    -0.061   48.1 -17,417 -0.082   44.2 -16,767  0.056   54.9   7,734 -0.000   46.0     -13 -0.118   46.2 -54,186 -0.076   46.2 -29,685

=== PREREGISTERED VERDICTS ===
S1                       pooled  0.013  positive years  7/16  worst year -0.308  -> PARTIAL
S4n                      pooled -0.008  positive years  8/16  worst year -0.419  -> FAIL
S4n_LONGONLY             pooled  0.072  positive years  9/16  worst year -0.311  -> PARTIAL
ASIA                     pooled  0.033  positive years  8/16  worst year -0.270  -> PARTIAL
PORT(S1q07+S4n+ASIA)     pooled -0.001  positive years  9/16  worst year -0.344  -> FAIL
PORT_LONGONLY_S4n        pooled  0.031  positive years  8/16  worst year -0.254  -> PARTIAL

LONG-ONLY check: deep-sample long-only 0.072 vs both-sides -0.008 -> STRUCTURAL (advantage repeats)
