=== B1: 1-min full object 14.72 pts/session (expect 14.72) -> PASS [23s]

=== FULL OBJECT ON EACH CLOCK, full window [25s] ===
arm                                  n   sz    pts    $/tr     wk$  wk+%    worst    CVaR5   shrp    eff  cvEff  stress   corr  corrDD
C0 1-min (incumbent)              1950 1.18  14.72   153.0   1,470  58.6   -7,418   -5,398  0.311  0.198  0.272   1,374   1.00    1.00
C1 3-min sigma=460 bars           1298 1.19  11.02   172.0   1,100  55.2  -15,410   -9,916  0.209  0.071  0.111   1,036   0.48    0.20  reject
C2 3-min sigma=153 bars           1019 1.20   8.58   170.5     856  52.2  -17,486   -8,872  0.171  0.049  0.096     806   0.42    0.17  reject
C3 3-min, no pre-close block  [DIAGNOSTIC]  1300 1.20  11.34   176.7   1,131  55.2  -15,410   -9,916  0.214  0.073  0.114   1,067   0.49    0.22

=== PER YEAR (standing policy) [147s] ===
arm                                  n   sz    pts    $/tr     wk$  wk+%    worst    CVaR5   shrp    eff  cvEff  stress   corr  corrDD
C0 1-min 2022                      215 1.13  10.55   128.6   1,024  44.4   -3,879   -3,261  0.269  0.264  0.314     944   0.00    0.00
C0 1-min 2023                      550 1.19   3.04    28.5     308  60.8   -5,784   -4,797  0.117  0.053  0.064     200   0.00    0.00
C0 1-min 2024                      595 1.18  19.59   170.5   1,951  61.5   -6,747   -5,692  0.410  0.289  0.343   1,837   0.00    0.00
C0 1-min 2025                      427 1.21  23.17   281.1   2,265  58.5   -7,418   -5,066  0.355  0.305  0.447   2,184   0.00    0.00
C0 1-min 2026                      163 1.17  15.79   205.3   1,521  68.2   -6,344   -6,120  0.346  0.240  0.249   1,447   0.00    0.00

C1 3-min sigma=460 bars 2022       191 1.10  -3.24   -44.5    -315  48.1   -7,534   -7,427 -0.079 -0.042 -0.042    -385   0.00    0.00
C1 3-min sigma=460 bars 2023       323 1.23  13.37   213.6   1,380  66.0   -6,165   -5,597  0.380  0.224  0.247   1,315   0.00    0.00
C1 3-min sigma=460 bars 2024       353 1.18  13.23   194.1   1,318  51.9  -15,410  -10,940  0.231  0.086  0.120   1,250   0.00    0.00
C1 3-min sigma=460 bars 2025       316 1.22  10.18   167.0   1,077  51.0   -9,226   -7,710  0.187  0.117  0.140   1,012   0.00    0.00
C1 3-min sigma=460 bars 2026       115 1.22  19.58   361.0   1,887  63.6  -15,361  -13,671  0.248  0.123  0.138   1,835   0.00    0.00

C2 3-min sigma=153 bars 2022       140 1.04   9.74   182.3     945  59.3   -4,278   -4,025  0.254  0.221  0.235     894   0.00    0.00
C2 3-min sigma=153 bars 2023       263 1.25   6.70   131.5     692  54.0   -7,431   -6,733  0.184  0.093  0.103     639   0.00    0.00
C2 3-min sigma=153 bars 2024       286 1.21   6.49   117.5     646  53.8  -11,405   -8,263  0.147  0.057  0.078     591   0.00    0.00
C2 3-min sigma=153 bars 2025       249 1.22  10.92   227.3   1,179  50.0   -9,162   -8,217  0.191  0.129  0.143   1,127   0.00    0.00
C2 3-min sigma=153 bars 2026        81 1.23  11.06   289.4   1,116  57.1  -17,486  -13,978  0.143  0.064  0.080   1,078   0.00    0.00

=== C4 EXPOSURE-MATCHED PAIR (1-min 212,193 vs 3-min 230,567 contract-min) [147s] ===
pair                                  wk$   wk+%     worst     CVaR5    shrp     eff   cvEff   stress
w=0.00 1-min alone                  1,470   58.6    -7,418    -5,398   0.311   0.198   0.272    1,374
w=0.10 1-min + 3-min                1,424   56.2    -7,490    -5,263   0.316   0.190   0.271    1,332
w=0.20 1-min + 3-min                1,378   57.1    -8,234    -5,366   0.318   0.167   0.257    1,290
w=0.30 1-min + 3-min                1,332   57.6    -8,977    -5,605   0.317   0.148   0.238    1,248
w=0.50 1-min + 3-min                1,241   56.7   -10,464    -6,273   0.301   0.119   0.198    1,164
w=1.00 3-min alone (scaled)         1,012   55.2   -14,182    -9,125   0.209   0.071   0.111      954
