W5-C3 FSS-3 failed-opposite-probe | sessions=37 | seed=20260808
s20250814 done
s20250820 done
s20250901 done
s20250902 done
s20250905 done
s20250910 done
s20250911 done
s20250922 done
s20251002 done
s20251009 done
s20251027 done
s20251029 done
s20251110 done
s20251117 done
s20251124 done
s20251128 done
s20251209 done
s20251222 done
s20260123 done
s20260206 done
s20260211 done
s20260218 done
s20260220 done
s20260223 done
s20260303 done
s20260312 done
s20260317 done
s20260320 done
s20260406 done
s20260409 done
s20260417 done
s20260423 done
s20260428 done
s20260506 done
s20260511 done
s20260519 done
s20260520 done

=== W5-C3 pooled (net C1=2.872t, net_c2 C2=4.872t; CI = session bootstrap 2.5/97.5, seed 20260808, 1000 reps) ===
 ctx   P   dir   A   B |   nctx  probe   can dead   exp |   epi   e/d days |  P(tgt)     unc   lift  cap |   netC1   CI_lo   CI_hi |   netC2 PASS
  16   6  long  24   8 |  10224   9978  5420    1     6 |  4551 126.42   36 |  0.2407  0.2525  -1.18    6 |  -3.160  -3.549  -2.755 |  -5.160 fail *
  16   6  long  32  10 |   9697   9459  5144    1     5 |  4309 119.69   36 |  0.2271  0.2361  -0.90   20 |  -3.279  -3.822  -2.746 |  -5.279 fail *
  16   6 short  24   8 |  10170  10022  5617    1     3 |  4401 122.25   36 |  0.2377  0.2488  -1.11    4 |  -3.263  -3.773  -2.775 |  -5.263 fail *
  16   6 short  32  10 |   9725   9583  5361    1     3 |  4218 117.17   36 |  0.2238  0.2328  -0.90   13 |  -3.439  -4.097  -2.773 |  -5.439 fail *
  16   4  long  24   8 |  10110  10066  5093    1     0 |  4972 138.11   36 |  0.2379  0.2525  -1.46    8 |  -3.247  -3.630  -2.879 |  -5.247 fail
  16   4  long  32  10 |   9581   9540  4875    2     0 |  4663 129.53   36 |  0.2280  0.2361  -0.81   28 |  -3.219  -3.690  -2.811 |  -5.219 fail
  16   4 short  24   8 |  10054  10031  5252    1     2 |  4776 132.67   36 |  0.2366  0.2488  -1.22    5 |  -3.293  -3.713  -2.897 |  -5.293 fail
  16   4 short  32  10 |   9569   9545  5002    1     1 |  4541 126.14   36 |  0.2281  0.2328  -0.47   16 |  -3.255  -3.789  -2.754 |  -5.255 fail
  16   8  long  24   8 |  10343   9633  5546    2     5 |  4080 113.33   36 |  0.2348  0.2525  -1.77    5 |  -3.350  -3.848  -2.797 |  -5.350 fail
  16   8  long  32  10 |   9859   9190  5294    1     5 |  3890 108.06   36 |  0.2253  0.2361  -1.08   20 |  -3.360  -4.050  -2.700 |  -5.360 fail
  16   8 short  24   8 |  10141   9662  5616    1     2 |  4043 112.31   36 |  0.2365  0.2488  -1.23    0 |  -3.305  -3.814  -2.876 |  -5.305 fail
  16   8 short  32  10 |   9763   9308  5423    1     2 |  3882 107.83   36 |  0.2245  0.2328  -0.83    6 |  -3.429  -4.150  -2.725 |  -5.429 fail
  12   6  long  24   8 |  10911  10593  5776    1     7 |  4809 133.58   36 |  0.2451  0.2525  -0.74    6 |  -3.023  -3.427  -2.626 |  -5.023 fail
  12   6  long  32  10 |  10279   9976  5419    1     7 |  4549 126.36   36 |  0.2303  0.2361  -0.58   25 |  -3.131  -3.694  -2.623 |  -5.131 fail
  12   6 short  24   8 |  10867  10656  5979    1    10 |  4666 129.61   36 |  0.2383  0.2488  -1.05    4 |  -3.239  -3.706  -2.771 |  -5.239 fail
  12   6 short  32  10 |  10333  10136  5661    1    10 |  4464 124.00   36 |  0.2249  0.2328  -0.79   13 |  -3.389  -4.033  -2.740 |  -5.389 fail
  12   4  long  24   8 |  10724  10666  5392    0     3 |  5271 146.42   36 |  0.2388  0.2525  -1.37    7 |  -3.219  -3.632  -2.838 |  -5.219 fail
  12   4  long  32  10 |  10127  10070  5137    1     3 |  4929 136.92   36 |  0.2307  0.2361  -0.54   26 |  -3.116  -3.581  -2.700 |  -5.116 fail
  12   4 short  24   8 |  10684  10634  5533    1     4 |  5096 141.56   36 |  0.2395  0.2488  -0.93    6 |  -3.197  -3.584  -2.855 |  -5.197 fail
  12   4 short  32  10 |  10080  10034  5201    1     2 |  4830 134.17   36 |  0.2265  0.2328  -0.63   17 |  -3.321  -3.891  -2.816 |  -5.321 fail
  12   8  long  24   8 |  11110  10263  5930    2    10 |  4321 120.03   36 |  0.2378  0.2525  -1.47    6 |  -3.257  -3.748  -2.777 |  -5.257 fail
  12   8  long  32  10 |  10581   9794  5666    1     8 |  4119 114.42   36 |  0.2266  0.2361  -0.95   20 |  -3.295  -3.949  -2.719 |  -5.295 fail
  12   8 short  24   8 |  10889  10291  6016    1    10 |  4264 118.44   36 |  0.2372  0.2488  -1.16    1 |  -3.281  -3.740  -2.883 |  -5.281 fail
  12   8 short  32  10 |  10439   9867  5772    1    10 |  4084 113.44   36 |  0.2225  0.2328  -1.03    7 |  -3.512  -4.249  -2.810 |  -5.512 fail
  24   6  long  24   8 |   8901   8733  4779    1     2 |  3951 109.75   36 |  0.2475  0.2525  -0.50    3 |  -2.950  -3.316  -2.579 |  -4.950 fail
  24   6  long  32  10 |   8520   8357  4577    1     2 |  3777 104.92   36 |  0.2290  0.2361  -0.71    9 |  -3.226  -3.693  -2.734 |  -5.226 fail
  24   6 short  24   8 |   8846   8737  4897    1     2 |  3837 106.58   36 |  0.2365  0.2488  -1.23    2 |  -3.302  -3.795  -2.855 |  -5.302 fail
  24   6 short  32  10 |   8478   8367  4668    1     2 |  3696 102.67   36 |  0.2246  0.2328  -0.82    5 |  -3.427  -3.985  -2.961 |  -5.427 fail
  24   4  long  24   8 |   8786   8765  4444    1     1 |  4319 119.97   36 |  0.2405  0.2525  -1.20    3 |  -3.170  -3.511  -2.819 |  -5.170 fail
  24   4  long  32  10 |   8353   8334  4230    2     1 |  4101 113.92   36 |  0.2243  0.2361  -1.18   17 |  -3.401  -3.904  -2.905 |  -5.401 fail
  24   4 short  24   8 |   8751   8738  4586    1     1 |  4150 115.28   36 |  0.2364  0.2488  -1.24    4 |  -3.301  -3.774  -2.837 |  -5.301 fail
  24   4 short  32  10 |   8393   8379  4395    1     0 |  3983 110.64   36 |  0.2287  0.2328  -0.41    9 |  -3.242  -3.794  -2.734 |  -5.242 fail
  24   8  long  24   8 |   8889   8393  4801    2     3 |  3587 99.64   36 |  0.2308  0.2525  -2.17    4 |  -3.475  -3.947  -3.003 |  -5.475 fail
  24   8  long  32  10 |   8610   8128  4675    1     3 |  3449 95.81   36 |  0.2177  0.2361  -1.84    9 |  -3.702  -4.323  -3.108 |  -5.702 fail
  24   8 short  24   8 |   8740   8427  4864    1     3 |  3559 98.86   36 |  0.2333  0.2488  -1.55    1 |  -3.408  -3.930  -2.945 |  -5.408 fail
  24   8 short  32  10 |   8473   8175  4747    1     3 |  3424 95.11   36 |  0.2249  0.2328  -0.79    5 |  -3.415  -4.074  -2.820 |  -5.415 fail
(* = primary ctx=16, P=6; lift in percentage points vs unconditional census P(target-first) same (A,B,dir); PASS = net_c1>0 AND CI_lo>-0.5t)

=== plateau view: net_c1 across (ctx, P) grid, per dir/bracket ===
 long +24/-8: c16p6:-3.16  c16p4:-3.25  c16p8:-3.35  c12p6:-3.02  c12p4:-3.22  c12p8:-3.26  c24p6:-2.95  c24p4:-3.17  c24p8:-3.47
 long +32/-10: c16p6:-3.28  c16p4:-3.22  c16p8:-3.36  c12p6:-3.13  c12p4:-3.12  c12p8:-3.29  c24p6:-3.23  c24p4:-3.40  c24p8:-3.70
short +24/-8: c16p6:-3.26  c16p4:-3.29  c16p8:-3.31  c12p6:-3.24  c12p4:-3.20  c12p8:-3.28  c24p6:-3.30  c24p4:-3.30  c24p8:-3.41
short +32/-10: c16p6:-3.44  c16p4:-3.25  c16p8:-3.43  c12p6:-3.39  c12p4:-3.32  c12p8:-3.51  c24p6:-3.43  c24p4:-3.24  c24p8:-3.41

passing configs (frozen rule net_c1>0 AND CI_lo>-0.5t): 0 / 36

W5C3 DONE
