=== FULL WINDOW 2022-07 -> 2026-08 (the campaign's own window) [28s] ===
arm                             wks       wk$   wk+%     worst     CVaR5    shrp     eff   cvEff    stress
LONG x1                         203     1,470   58.6    -7,418    -5,398   0.311   0.198   0.272     1,374
B x1 alone                      205       317   53.7   -11,175    -8,241   0.075   0.028   0.038       110
6 long : 1 B                    205     9,048   57.6   -46,004   -30,861   0.314   0.197   0.293     8,271
4 long : 1 B                    205     6,138   55.6   -32,510   -20,927   0.314   0.189   0.293     5,550
3 long : 1 B                    205     4,682   57.1   -25,764   -16,407   0.313   0.182   0.285     4,190
   exposure-matched long-alone comparators:
long alone x6.52 (=6:1)         203     9,582   58.6   -48,364   -35,194   0.311   0.198   0.272     8,955
long alone x4.52 (=4:1)         203     6,643   58.6   -33,529   -24,398   0.311   0.198   0.272     6,208
long alone x3.52 (=3:1)         203     5,173   58.6   -26,111   -19,000   0.311   0.198   0.272     4,835

=== PER YEAR (6 long : 1 B vs exposure-matched long alone) [28s] ===
arm                             wks       wk$   wk+%     worst     CVaR5    shrp     eff   cvEff    stress
2022 6:1 pair                    27     5,646   48.1   -27,409   -22,785   0.240   0.206   0.248     4,963
2022 long alone x6.52            27     6,676   44.4   -25,288   -21,262   0.269   0.264   0.314     6,157

2023 6:1 pair                    52     1,763   55.8   -33,237   -28,486   0.113   0.053   0.062       897
2023 long alone x6.52            51     2,007   60.8   -37,712   -31,277   0.117   0.053   0.064     1,304

2024 6:1 pair                    53    11,447   58.5   -46,004   -37,660   0.378   0.249   0.304    10,561
2024 long alone x6.52            52    12,724   61.5   -43,988   -37,112   0.410   0.289   0.343    11,978

2025 6:1 pair                    53    14,791   60.4   -34,767   -25,513   0.388   0.425   0.580    14,120
2025 long alone x6.52            53    14,767   58.5   -48,364   -33,030   0.355   0.305   0.447    14,242

2026 6:1 pair                    22    10,007   68.2   -28,693   -27,224   0.386   0.349   0.368     9,399
2026 long alone x6.52            22     9,918   68.2   -41,364   -39,903   0.346   0.240   0.249     9,435

=== B ALONE PER YEAR (is the second model stable?) [29s] ===
arm                             wks       wk$   wk+%     worst     CVaR5    shrp     eff   cvEff    stress
2022 B alone                     27      -498   40.7   -11,175    -9,828  -0.103  -0.045  -0.051      -703
2023 B alone                     52       -48   53.8    -4,945    -4,728  -0.018  -0.010  -0.010      -279
2024 B alone                     53       -41   52.8    -9,142    -8,766  -0.009  -0.004  -0.005      -253
2025 B alone                     53     1,201   56.6    -6,383    -5,478   0.294   0.188   0.219     1,014
2026 B alone                     22       879   59.1    -8,337    -7,653   0.151   0.105   0.115       716
